0 685
1 611
2 578
3 591
4 592
5 555
6 526
7 532
8 560
9 564
10 516
11 512
12 497
13 435
14 440
15 440
16 453
17 425
18 434
19 405
20 399
21 385
22 397
23 386
24 401
25 376
26 388
27 361
28 334
29 340
30 337
31 314
32 306
33 269
34 239
35 231
36 211
37 214
38 232
39 241
40 257
41 255
42 277
43 275
44 250
45 277
46 271
47 273
48 259
49 274
50 273
51 289
52 261
53 264
54 259
55 264
56 254
57 248
58 251
59 236
60 255
61 228
62 228
63 223
64 226
65 198
66 213
67 195
68 218
69 227
70 239
71 246
72 241
73 266
74 255
75 268
76 262
77 273
78 259
79 273
80 290
81 283
82 292
83 290
84 292
85 286
86 276
87 303
88 304
89 312
90 294
91 295
92 281
93 282
94 300
95 292
96 268
97 287
98 317
99 302
100 282
101 287
102 282
103 290
104 294
105 312
106 298
107 306
108 296
109 296
110 300
111 263
112 281
113 249
114 252
115 247
116 265
117 253
118 236
119 228
120 214
121 240
122 215
123 218
124 210
125 212
126 184
127 207
128 200
129 218
130 182
131 197
132 180
133 166
134 181
135 172
136 191
137 190
138 172
139 170
140 167
141 157
142 171
143 164
144 175
145 186
146 176
147 166
148 170
149 177
150 175
151 181
152 161
153 166
154 161
155 159
156 154
157 153
158 141
159 139
160 135
161 136
162 138
163 132
164 127
165 125
166 123
167 121
168 122
169 124
170 125
171 126
172 126
173 126
174 121
175 124
176 122
177 131
178 119
179 119
180 117
181 119
182 121
183 125
184 126
185 132
186 131
187 136
188 129
189 136
190 132
191 132
192 125
193 126
194 123
195 121
196 124
197 118
198 126
199 120
200 123
201 114
202 112
203 110
204 110
205 110
206 110
207 109
208 107
209 106
210 104
211 104
212 104
213 104
214 104
215 104
216 104
217 104
218 104
219 104
220 104
221 104
222 104
223 104
224 104
225 104
226 104
227 104
228 104
229 104
230 104
231 104
232 104
233 104
234 104
235 104
236 104
237 104
238 104
239 104
240 104
241 104
242 104
243 104
244 104
245 104
246 104
247 104
248 104
249 104
250 104
251 104
252 104
253 104
254 104
255 104
256 104
257 104
258 104
259 104
260 104
261 104
262 104
263 104
264 104
265 104
266 104
267 104
268 104
269 104
270 104
271 104
272 104
273 104
274 104
275 104
276 104
277 104
278 104
279 104
280 104
281 104
282 104
283 104
284 104
285 104
286 104
287 104
288 104
289 104
290 104
291 104
292 104
293 104
294 104
295 104
296 104
297 104
298 104
299 104
300 104
301 104
302 104
303 104
304 104
305 104
306 104
307 104
308 104
309 104
310 104
311 104
312 104
313 104
314 104
315 104
316 104
317 104
318 104
319 104
320 104
321 104
322 104
323 104
324 104
325 104
326 104
327 104
328 104
329 104
330 104
331 104
332 104
333 104
334 104
335 104
336 104
337 104
338 104
339 104
340 104
341 104
342 104
343 104
344 104
345 104
346 104
347 104
348 104
349 104
350 104
351 104
352 104
353 104
354 104
355 104
356 104
357 104
358 104
359 104
360 104
361 104
362 104
363 104
364 104
365 104
366 104
367 104
368 104
369 104
370 104
371 104
372 104
373 104
374 104
375 104
376 104
377 104
378 104
379 104
380 104
381 104
382 104
383 104
384 104
385 104
386 104
387 104
388 104
389 104
390 104
391 104
392 104
393 104
394 104
395 104
396 104
397 104
398 104
399 104
400 104
401 104
402 104
403 104
404 104
405 104
406 104
407 104
408 104
409 104
410 104
411 104
412 104
413 104
414 104
415 104
416 104
417 104
418 104
419 104
420 104
421 104
422 104
423 104
424 104
425 104
426 104
427 104
428 104
429 104
430 104
431 104
432 104
433 104
434 104
435 104
436 104
437 104
438 104
439 104
440 104
441 104
442 104
443 104
444 104
445 104
446 104
447 104
448 104
449 104
450 104
451 104
452 104
453 104
454 104
455 104
456 104
457 104
458 104
459 104
460 104
461 104
462 104
463 104
464 104
465 104
466 104
467 104
468 104
469 104
470 104
471 104
472 104
473 104
474 104
475 104
476 104
477 104
478 104
479 104
480 104
481 104
482 104
483 104
484 104
485 104
486 104
487 104
488 104
489 104
490 104
491 104
492 104
493 104
494 104
495 104
496 104
497 104
498 104
499 104
