0 51
1 101
2 101
3 102
4 102
5 152
6 152
7 153
8 153
9 203
10 203
11 204
12 204
13 254
14 254
15 255
16 255
17 305
18 305
19 306
20 306
21 356
22 356
23 357
24 357
25 407
26 407
27 408
28 408
29 458
30 458
31 459
32 459
33 509
34 509
35 510
36 510
37 560
38 560
39 561
40 561
41 611
42 611
43 612
44 612
45 662
46 662
47 663
48 663
49 713
50 713
51 714
52 714
53 764
54 764
55 765
56 765
57 815
58 815
59 816
60 816
61 866
62 866
63 867
64 867
65 917
66 917
67 918
68 918
69 968
70 968
71 969
72 969
73 1019
74 1019
75 1020
76 1020
77 1070
78 1070
79 1071
80 1071
81 1121
82 1121
83 1122
84 1122
85 1172
86 1172
87 1173
88 1173
89 1223
90 1223
91 1224
92 1224
93 1274
94 1274
95 1275
96 1275
97 1325
98 1325
99 1326
100 1326
101 1376
102 1376
103 1377
104 1377
105 1427
106 1427
107 1428
108 1428
109 1478
110 1478
111 1479
112 1479
113 1529
114 1529
115 1530
116 1530
117 1580
118 1580
119 1581
120 1581
121 1631
122 1631
123 1632
124 1632
125 1682
126 1682
127 1683
128 1683
129 1733
130 1733
131 1734
132 1734
133 1784
134 1784
135 1785
136 1785
137 1835
138 1835
139 1836
140 1836
141 1886
142 1886
143 1887
144 1887
145 1937
146 1937
147 1938
148 1938
149 1988
150 1988
151 1989
152 1989
153 2039
154 2039
155 2040
156 2040
157 2090
158 2090
159 2091
160 2091
161 2141
162 2141
163 2142
164 2142
165 2192
166 2192
167 2193
168 2193
169 2243
170 2243
171 2244
172 2244
173 2294
174 2294
175 2295
176 2295
177 2345
178 2345
179 2346
180 2346
181 2396
182 2396
183 2397
184 2397
185 2447
186 2447
187 2448
188 1948
189 1498
190 1488
191 979
192 979
193 519
194 519
195 510
196 10
197 60
198 50
199 51
200 51
201 101
202 101
203 102
204 102
205 152
206 152
207 153
208 153
209 203
210 203
211 204
212 204
213 254
214 254
215 255
216 255
217 305
218 305
219 306
220 306
221 356
222 356
223 357
224 357
225 407
226 407
227 408
228 408
229 458
230 458
231 459
232 459
233 509
234 509
235 510
236 510
237 560
238 560
239 561
240 561
241 611
242 611
243 612
244 612
245 662
246 662
247 663
248 663
249 713
250 713
251 714
252 714
253 764
254 764
255 765
256 765
257 815
258 815
259 816
260 816
261 866
262 866
263 867
264 867
265 917
266 917
267 918
268 918
269 968
270 968
271 969
272 969
273 1019
274 1019
275 1020
276 1020
277 1070
278 1070
279 1071
280 1071
281 1121
282 1121
283 1122
284 1122
285 1172
286 1172
287 1173
288 1173
289 1223
290 1223
291 1224
292 1224
293 1274
294 1274
295 1275
296 1275
297 1325
298 1325
299 1326
300 1326
301 1376
302 1376
303 1377
304 1377
305 1427
306 1427
307 1428
308 1428
309 1478
310 1478
311 1479
312 1479
313 1529
314 1529
315 1530
316 1530
317 1580
318 1580
319 1581
320 1581
321 1631
322 1631
323 1632
324 1632
325 1682
326 1682
327 1683
328 1683
329 1733
330 1733
331 1734
332 1734
333 1784
334 1784
335 1785
336 1785
337 1835
338 1835
339 1836
340 1836
341 1886
342 1886
343 1887
344 1887
345 1937
346 1937
347 1938
348 1938
349 1988
350 1988
351 1989
352 1989
353 2039
354 2039
355 2040
356 2040
357 2090
358 2090
359 2091
360 2091
361 2141
362 2141
363 2142
364 2142
365 2192
366 2192
367 2193
368 2193
369 2243
370 2243
371 2244
372 2244
373 2294
374 2294
375 2295
376 2295
377 2345
378 2345
379 2346
380 2346
381 2396
382 2396
383 2397
384 2397
385 2447
386 2447
387 2448
388 1948
389 1498
390 1488
391 979
392 979
393 519
394 519
395 510
396 10
397 60
398 50
399 51
400 51
401 101
402 101
403 102
404 102
405 152
406 152
407 153
408 153
409 203
410 203
411 204
412 204
413 254
414 254
415 255
416 255
417 305
418 305
419 306
420 306
421 356
422 356
423 357
424 357
425 407
426 407
427 408
428 408
429 458
430 458
431 459
432 459
433 509
434 509
435 510
436 510
437 560
438 560
439 561
440 561
441 611
442 611
443 612
444 612
445 662
446 662
447 663
448 663
449 713
450 713
451 714
452 714
453 764
454 764
455 765
456 765
457 815
458 815
459 816
460 816
461 866
462 866
463 867
464 867
465 917
466 917
467 918
468 918
469 968
470 968
471 969
472 969
473 1019
474 1019
475 1020
476 1020
477 1070
478 1070
479 1071
480 1071
481 1121
482 1121
483 1122
484 1122
485 1172
486 1172
487 1173
488 1173
489 1223
490 1223
491 1224
492 1224
493 1274
494 1274
495 1275
496 1275
497 1325
498 1325
499 1326
